    R [kpc]   N      SIGMA     KAPPA     Kexact    Vcirc    Vexact     Vmean    sigma r   sigma T      Q     sigma phi  sigma z
  
    0.25000     0   0.00000   0.00000   5.01522   0.00000   0.76015   0.00000   0.00000   0.00000   0.00000   0.00000   0.00000
    0.75000     0   0.00000   0.00000   2.08005   0.00000   1.01129   0.00000   0.00000   0.00000   0.00000   0.00000   0.00000
    1.25000     0   0.00000   0.00000   1.31994   0.00000   1.09818   0.00000   0.00000   0.00000   0.00000   0.00000   0.00000
    1.75000     0   0.00000   0.00000   0.94931   0.00000   1.13594   0.00000   0.00000   0.00000   0.00000   0.00000   0.00000
    2.25000     0   0.00000   0.00000   0.72760   0.00000   1.14834   0.00000   0.00000   0.00000   0.00000   0.00000   0.00000
    2.75000     0   0.00000   0.00000   0.58199   0.00000   1.14708   0.00000   0.00000   0.00000   0.00000   0.00000   0.00000
    3.25000     0   0.00000   0.00000   0.48105   0.00000   1.13892   0.00000   0.00000   0.00000   0.00000   0.00000   0.00000
    3.75000     0   0.00000   0.00000   0.40836   0.00000   1.12779   0.00000   0.00000   0.00000   0.00000   0.00000   0.00000
    4.25000     0   0.00000   0.00000   0.35435   0.00000   1.11595   0.00000   0.00000   0.00000   0.00000   0.00000   0.00000
    4.75000     0   0.00000   0.00000   0.31305   0.00000   1.10458   0.00000   0.00000   0.00000   0.00000   0.00000   0.00000
    5.25000     0   0.00000   0.00000   0.28063   0.00000   1.09423   0.00000   0.00000   0.00000   0.00000   0.00000   0.00000
    5.75000     0   0.00000   0.00000   0.25456   0.00000   1.08510   0.00000   0.00000   0.00000   0.00000   0.00000   0.00000
    6.25000     0   0.00000   0.00000   0.23313   0.00000   1.07718   0.00000   0.00000   0.00000   0.00000   0.00000   0.00000
    6.75000     0   0.00000   0.00000   0.21517   0.00000   1.07038   0.00000   0.00000   0.00000   0.00000   0.00000   0.00000
    7.25000     0   0.00000   0.00000   0.19988   0.00000   1.06455   0.00000   0.00000   0.00000   0.00000   0.00000   0.00000
    7.75000     0   0.00000   0.00000   0.18668   0.00000   1.05955   0.00000   0.00000   0.00000   0.00000   0.00000   0.00000
    8.25000     0   0.00000   0.00000   0.17515   0.00000   1.05524   0.00000   0.00000   0.00000   0.00000   0.00000   0.00000
    8.75000     0   0.00000   0.00000   0.16497   0.00000   1.05152   0.00000   0.00000   0.00000   0.00000   0.00000   0.00000
    9.25000     0   0.00000   0.00000   0.15593   0.00000   1.04828   0.00000   0.00000   0.00000   0.00000   0.00000   0.00000
    9.75000     0   0.00000   0.00000   0.14782   0.00000   1.04543   0.00000   0.00000   0.00000   0.00000   0.00000   0.00000
   10.25000     0   0.00000   0.00000   0.14051   0.00000   1.04292   0.00000   0.00000   0.00000   0.00000   0.00000   0.00000
   10.75000     0   0.00000   0.00000   0.13389   0.00000   1.04069   0.00000   0.00000   0.00000   0.00000   0.00000   0.00000
   11.25000     0   0.00000   0.00000   0.12787   0.00000   1.03869   0.00000   0.00000   0.00000   0.00000   0.00000   0.00000
   11.75000     0   0.00000   0.00000   0.12236   0.00000   1.03690   0.00000   0.00000   0.00000   0.00000   0.00000   0.00000
   12.25000     0   0.00000   0.00000   0.11730   0.00000   1.03527   0.00000   0.00000   0.00000   0.00000   0.00000   0.00000
   12.75000     0   0.00000   0.00000   0.11264   0.00000   1.03378   0.00000   0.00000   0.00000   0.00000   0.00000   0.00000
   13.25000     0   0.00000   0.00000   0.10834   0.00000   1.03242   0.00000   0.00000   0.00000   0.00000   0.00000   0.00000
   13.75000     0   0.00000   0.00000   0.10435   0.00000   1.03117   0.00000   0.00000   0.00000   0.00000   0.00000   0.00000
   14.25000     0   0.00000   0.00000   0.10064   0.00000   1.03002   0.00000   0.00000   0.00000   0.00000   0.00000   0.00000
   14.75000     0   0.00000   0.00000   0.09719   0.00000   1.02896   0.00000   0.00000   0.00000   0.00000   0.00000   0.00000
   15.25000     0   0.00000   0.00000   0.09397   0.00000   1.02797   0.00000   0.00000   0.00000   0.00000   0.00000   0.00000
   15.75000     0   0.00000   0.00000   0.09095   0.00000   1.02704   0.00000   0.00000   0.00000   0.00000   0.00000   0.00000
   16.25000     0   0.00000   0.00000   0.08812   0.00000   1.02618   0.00000   0.00000   0.00000   0.00000   0.00000   0.00000
   16.75000     0   0.00000   0.00000   0.08546   0.00000   1.02538   0.00000   0.00000   0.00000   0.00000   0.00000   0.00000
   17.25000     0   0.00000   0.00000   0.08296   0.00000   1.02462   0.00000   0.00000   0.00000   0.00000   0.00000   0.00000
   17.75000     0   0.00000   0.00000   0.08059   0.00000   1.02390   0.00000   0.00000   0.00000   0.00000   0.00000   0.00000
   18.25000     0   0.00000   0.00000   0.07836   0.00000   1.02323   0.00000   0.00000   0.00000   0.00000   0.00000   0.00000
   18.75000     0   0.00000   0.00000   0.07625   0.00000   1.02260   0.00000   0.00000   0.00000   0.00000   0.00000   0.00000
   19.25000     0   0.00000   0.00000   0.07425   0.00000   1.02200   0.00000   0.00000   0.00000   0.00000   0.00000   0.00000
   19.75000     0   0.00000   0.00000   0.07235   0.00000   1.02143   0.00000   0.00000   0.00000   0.00000   0.00000   0.00000
    R [kpc]   N      SIGMA     KAPPA     Kexact    Vcirc    Vexact     Vmean    sigma r   sigma T      Q     sigma phi  sigma z
  
    0.25000     0   0.00000   0.00000   5.01522   0.00000   0.76015   0.00000   0.00000   0.00000   0.00000   0.00000   0.00000
    0.75000     0   0.00000   0.00000   2.08005   0.00000   1.01129   0.00000   0.00000   0.00000   0.00000   0.00000   0.00000
    1.25000     0   0.00000   0.00000   1.31994   0.00000   1.09818   0.00000   0.00000   0.00000   0.00000   0.00000   0.00000
    1.75000     0   0.00000   0.00000   0.94931   0.00000   1.13594   0.00000   0.00000   0.00000   0.00000   0.00000   0.00000
    2.25000     0   0.00000   0.00000   0.72760   0.00000   1.14834   0.00000   0.00000   0.00000   0.00000   0.00000   0.00000
    2.75000     0   0.00000   0.00000   0.58199   0.00000   1.14708   0.00000   0.00000   0.00000   0.00000   0.00000   0.00000
    3.25000     0   0.00000   0.00000   0.48105   0.00000   1.13892   0.00000   0.00000   0.00000   0.00000   0.00000   0.00000
    3.75000     0   0.00000   0.00000   0.40836   0.00000   1.12779   0.00000   0.00000   0.00000   0.00000   0.00000   0.00000
    4.25000     0   0.00000   0.00000   0.35435   0.00000   1.11595   0.00000   0.00000   0.00000   0.00000   0.00000   0.00000
    4.75000     0   0.00000   0.00000   0.31305   0.00000   1.10458   0.00000   0.00000   0.00000   0.00000   0.00000   0.00000
    5.25000     0   0.00000   0.00000   0.28063   0.00000   1.09423   0.00000   0.00000   0.00000   0.00000   0.00000   0.00000
    5.75000     0   0.00000   0.00000   0.25456   0.00000   1.08510   0.00000   0.00000   0.00000   0.00000   0.00000   0.00000
    6.25000     0   0.00000   0.00000   0.23313   0.00000   1.07718   0.00000   0.00000   0.00000   0.00000   0.00000   0.00000
    6.75000     0   0.00000   0.00000   0.21517   0.00000   1.07038   0.00000   0.00000   0.00000   0.00000   0.00000   0.00000
    7.25000     0   0.00000   0.00000   0.19988   0.00000   1.06455   0.00000   0.00000   0.00000   0.00000   0.00000   0.00000
    7.75000     0   0.00000   0.00000   0.18668   0.00000   1.05955   0.00000   0.00000   0.00000   0.00000   0.00000   0.00000
    8.25000     0   0.00000   0.00000   0.17515   0.00000   1.05524   0.00000   0.00000   0.00000   0.00000   0.00000   0.00000
    8.75000     0   0.00000   0.00000   0.16497   0.00000   1.05152   0.00000   0.00000   0.00000   0.00000   0.00000   0.00000
    9.25000     0   0.00000   0.00000   0.15593   0.00000   1.04828   0.00000   0.00000   0.00000   0.00000   0.00000   0.00000
    9.75000     0   0.00000   0.00000   0.14782   0.00000   1.04543   0.00000   0.00000   0.00000   0.00000   0.00000   0.00000
   10.25000     0   0.00000   0.00000   0.14051   0.00000   1.04292   0.00000   0.00000   0.00000   0.00000   0.00000   0.00000
   10.75000     0   0.00000   0.00000   0.13389   0.00000   1.04069   0.00000   0.00000   0.00000   0.00000   0.00000   0.00000
   11.25000     0   0.00000   0.00000   0.12787   0.00000   1.03869   0.00000   0.00000   0.00000   0.00000   0.00000   0.00000
   11.75000     0   0.00000   0.00000   0.12236   0.00000   1.03690   0.00000   0.00000   0.00000   0.00000   0.00000   0.00000
   12.25000     0   0.00000   0.00000   0.11730   0.00000   1.03527   0.00000   0.00000   0.00000   0.00000   0.00000   0.00000
   12.75000     0   0.00000   0.00000   0.11264   0.00000   1.03378   0.00000   0.00000   0.00000   0.00000   0.00000   0.00000
   13.25000     0   0.00000   0.00000   0.10834   0.00000   1.03242   0.00000   0.00000   0.00000   0.00000   0.00000   0.00000
   13.75000     0   0.00000   0.00000   0.10435   0.00000   1.03117   0.00000   0.00000   0.00000   0.00000   0.00000   0.00000
   14.25000     0   0.00000   0.00000   0.10064   0.00000   1.03002   0.00000   0.00000   0.00000   0.00000   0.00000   0.00000
   14.75000     0   0.00000   0.00000   0.09719   0.00000   1.02896   0.00000   0.00000   0.00000   0.00000   0.00000   0.00000
   15.25000     0   0.00000   0.00000   0.09397   0.00000   1.02797   0.00000   0.00000   0.00000   0.00000   0.00000   0.00000
   15.75000     0   0.00000   0.00000   0.09095   0.00000   1.02704   0.00000   0.00000   0.00000   0.00000   0.00000   0.00000
   16.25000     0   0.00000   0.00000   0.08812   0.00000   1.02618   0.00000   0.00000   0.00000   0.00000   0.00000   0.00000
   16.75000     0   0.00000   0.00000   0.08546   0.00000   1.02538   0.00000   0.00000   0.00000   0.00000   0.00000   0.00000
   17.25000     0   0.00000   0.00000   0.08296   0.00000   1.02462   0.00000   0.00000   0.00000   0.00000   0.00000   0.00000
   17.75000     0   0.00000   0.00000   0.08059   0.00000   1.02390   0.00000   0.00000   0.00000   0.00000   0.00000   0.00000
   18.25000     0   0.00000   0.00000   0.07836   0.00000   1.02323   0.00000   0.00000   0.00000   0.00000   0.00000   0.00000
   18.75000     0   0.00000   0.00000   0.07625   0.00000   1.02260   0.00000   0.00000   0.00000   0.00000   0.00000   0.00000
   19.25000     0   0.00000   0.00000   0.07425   0.00000   1.02200   0.00000   0.00000   0.00000   0.00000   0.00000   0.00000
   19.75000     0   0.00000   0.00000   0.07235   0.00000   1.02143   0.00000   0.00000   0.00000   0.00000   0.00000   0.00000
